homelat=52.538846
homelong=5.217143
